7 0.5015625 0.48984375 0.996875 0.91875
3 0.115625 0.39296875 0.08828125 0.12734375
3 0.4953125 0.38671875 0.08671875 0.12890625
3 0.5796875 0.26796875 0.0796875 0.134375
3 0.63359375 0.59765625 0.1 0.1328125
3 0.9421875 0.3265625 0.0984375 0.1375
11 0.1484375 0.225 0.08671875 0.12734375
11 0.465625 0.19296875 0.059375 0.103125
10 0.2546875 0.38828125 0.103125 0.16328125
8 0.70390625 0.33984375 0.09140625 0.1609375
8 0.48984375 0.26484375 0.08671875 0.15
13 0.64765625 0.08984375 0.08671875 0.15390625
11 0.89609375 0.24765625 0.08828125 0.12734375
2 0.37734375 0.478125 0.09921875 0.20390625
0 0.228125 0.49609375 0.10859375 0.15625
0 0.91171875 0.55703125 0.1390625 0.159375