7 0.48671875 0.51796875 0.8265625 0.88359375
11 0.3046875 0.2390625 0.05078125 0.096875
11 0.4359375 0.25703125 0.04765625 0.10234375
11 0.46796875 0.3625 0.04921875 0.10234375
11 0.74140625 0.27890625 0.04921875 0.1078125
13 0.528125 0.2203125 0.05703125 0.14296875
8 0.67578125 0.20078125 0.0578125 0.14375
10 0.8109375 0.36484375 0.0703125 0.14765625
3 0.19609375 0.43359375 0.06484375 0.1046875
3 0.3421875 0.3359375 0.05234375 0.10078125
3 0.62265625 0.4046875 0.05625 0.115625
3 0.75234375 0.66875 0.07578125 0.090625
2 0.48828125 0.521875 0.07265625 0.16171875
0 0.50390625 0.67109375 0.06875 0.14296875
5 0.72890625 0.76640625 0.090625 0.1578125
5 0.1296875 0.49921875 0.09140625 0.13515625