7 0.4703125 0.621875 0.6078125 0.75
13 0.21328125 0.41796875 0.0515625 0.0890625
13 0.5109375 0.2796875 0.034375 0.0796875
10 0.2546875 0.39765625 0.04296875 0.08203125
10 0.478125 0.2890625 0.0359375 0.07890625
8 0.2984375 0.3796875 0.0390625 0.08359375
8 0.44453125 0.3015625 0.034375 0.0859375
12 0.36171875 0.3453125 0.046875 0.10078125
9 0.40234375 0.315625 0.03984375 0.11640625
11 0.22109375 0.4859375 0.04140625 0.06640625
11 0.28203125 0.46640625 0.0375 0.06328125
11 0.33125 0.4328125 0.0390625 0.0625
11 0.37890625 0.4125 0.0375 0.0640625
11 0.42109375 0.3890625 0.03515625 0.065625
11 0.4734375 0.3625 0.03515625 0.06640625
11 0.5140625 0.33828125 0.034375 0.06484375
11 0.54765625 0.3125 0.03359375 0.06640625
3 0.3375 0.8140625 0.0421875 0.0609375
3 0.39140625 0.7734375 0.04140625 0.0625
3 0.44921875 0.734375 0.04140625 0.059375
3 0.5046875 0.7046875 0.040625 0.0625
3 0.55390625 0.6640625 0.04296875 0.0625
3 0.60390625 0.634375 0.0421875 0.0609375
3 0.6515625 0.60703125 0.040625 0.0625
3 0.6953125 0.57890625 0.04609375 0.065625
5 0.3546875 0.89375 0.053125 0.084375
5 0.7296875 0.625 0.04921875 0.07734375
2 0.42265625 0.8453125 0.0484375 0.08984375
2 0.68515625 0.6578125 0.05 0.08828125
0 0.48046875 0.8234375 0.046875 0.07578125
0 0.63828125 0.69609375 0.05 0.0765625
4 0.5875 0.73203125 0.0546875 0.09140625
1 0.5328125 0.759375 0.05546875 0.09296875