7 0.45625 0.40703125 0.56015625 0.6984375
13 0.3046875 0.11171875 0.04921875 0.1
10 0.2890625 0.16015625 0.0515625 0.09609375
8 0.2796875 0.21171875 0.04765625 0.09296875
9 0.2703125 0.27265625 0.06484375 0.11640625
11 0.35625 0.10078125 0.03671875 0.0765625
11 0.35625 0.16015625 0.03671875 0.071875
11 0.35078125 0.22890625 0.0390625 0.07578125
11 0.3390625 0.3109375 0.040625 0.0703125
11 0.3328125 0.38046875 0.03828125 0.06796875
11 0.31796875 0.4546875 0.04296875 0.0640625
11 0.3125 0.5421875 0.04375 0.059375
12 0.2640625 0.35234375 0.06328125 0.1078125
8 0.2484375 0.46171875 0.0546875 0.08203125
10 0.23203125 0.52890625 0.059375 0.0828125
13 0.221875 0.59453125 0.06875 0.07890625
11 0.2859375 0.63046875 0.04609375 0.0640625
3 0.61640625 0.66796875 0.046875 0.0609375
3 0.61640625 0.58828125 0.04453125 0.0609375
3 0.62265625 0.50234375 0.0453125 0.059375
3 0.63125 0.4296875 0.04296875 0.065625
3 0.6296875 0.353125 0.040625 0.0640625
3 0.634375 0.28125 0.04375 0.06875
3 0.64375 0.15859375 0.03828125 0.07265625
3 0.640625 0.2203125 0.03203125 0.0640625
5 0.69375 0.16328125 0.05078125 0.0890625
2 0.69921875 0.22421875 0.04609375 0.078125
0 0.69375 0.28828125 0.05 0.08046875
0 0.69453125 0.5171875 0.05234375 0.0625
4 0.70078125 0.34921875 0.06171875 0.08359375
1 0.696875 0.42890625 0.06875 0.09296875
2 0.6859375 0.59140625 0.0578125 0.06875
5 0.684375 0.6921875 0.065625 0.075