7 0.478125 0.45234375 0.60390625 0.771875
11 0.2796875 0.32109375 0.04765625 0.0671875
11 0.396875 0.32890625 0.04453125 0.06875
11 0.4390625 0.4390625 0.04140625 0.065625
11 0.64609375 0.31796875 0.04296875 0.07109375
3 0.24296875 0.540625 0.05625 0.05703125
3 0.334375 0.425 0.04609375 0.06640625
3 0.56328125 0.46328125 0.0421875 0.0671875
3 0.66015625 0.6765625 0.04375 0.0703125
5 0.21171875 0.6125 0.071875 0.05234375
5 0.646875 0.74609375 0.04765625 0.06875
0 0.503125 0.703125 0.0546875 0.06796875
2 0.48046875 0.60234375 0.05078125 0.0703125
13 0.46953125 0.27578125 0.0515625 0.09296875
8 0.59140625 0.23828125 0.04609375 0.0890625
10 0.7 0.40859375 0.04921875 0.08671875