7 0.4015625 0.5203125 0.72734375 0.91484375
11 0.121875 0.51953125 0.05625 0.06640625
11 0.1765625 0.5453125 0.05078125 0.06640625
11 0.23671875 0.58046875 0.0484375 0.059375
11 0.30234375 0.62734375 0.046875 0.06796875
11 0.3578125 0.66328125 0.046875 0.0640625
11 0.4109375 0.71015625 0.04296875 0.0640625
11 0.47578125 0.74609375 0.046875 0.06796875
11 0.5359375 0.8125 0.05078125 0.0703125
13 0.10546875 0.590625 0.08359375 0.0734375
13 0.4921875 0.884375 0.05078125 0.078125
10 0.14375 0.63203125 0.06875 0.07265625
10 0.44296875 0.85078125 0.05390625 0.078125
8 0.190625 0.67578125 0.0640625 0.06484375
8 0.39296875 0.80859375 0.05234375 0.0734375
12 0.3140625 0.74375 0.0640625 0.07421875
9 0.24765625 0.70234375 0.0796875 0.0828125
5 0.3296875 0.11796875 0.0484375 0.0984375
5 0.703125 0.34453125 0.059375 0.08828125
2 0.378125 0.1453125 0.04453125 0.1015625
2 0.634375 0.30703125 0.04609375 0.0859375
0 0.425 0.1703125 0.04296875 0.09921875
0 0.58671875 0.2671875 0.0453125 0.09296875
4 0.48125 0.19375 0.04609375 0.1203125
1 0.53125 0.22734375 0.04453125 0.12734375
3 0.3046875 0.17578125 0.0421875 0.08203125
3 0.35 0.203125 0.0375 0.07421875
3 0.3984375 0.240625 0.0390625 0.0796875
3 0.4484375 0.2734375 0.0359375 0.0734375
3 0.503125 0.303125 0.0375 0.07265625
3 0.5546875 0.34296875 0.0390625 0.07421875
3 0.6125 0.38203125 0.0421875 0.0703125
3 0.6671875 0.41640625 0.0453125 0.0703125