7 0.49140625 0.4890625 0.95 0.8734375
3 0.27734375 0.1 0.0484375 0.09375
3 0.4296875 0.3078125 0.059375 0.12265625
3 0.259375 0.4203125 0.06796875 0.1296875
3 0.4421875 0.48203125 0.0703125 0.140625
3 0.47890625 0.73671875 0.07109375 0.15
5 0.13046875 0.77109375 0.1125 0.1984375
0 0.1515625 0.53046875 0.09140625 0.17734375
0 0.271875 0.1609375 0.05234375 0.14375
2 0.3515625 0.07734375 0.06015625 0.1453125
2 0.35703125 0.48828125 0.0875 0.184375
1 0.14921875 0.38203125 0.103125 0.20625
4 0.17578125 0.28984375 0.0875 0.19609375
11 0.559375 0.08515625 0.05234375 0.10390625
11 0.52578125 0.38515625 0.05703125 0.1328125
11 0.6828125 0.2796875 0.06015625 0.121875
11 0.78828125 0.71484375 0.08203125 0.15078125
8 0.66875 0.70390625 0.0890625 0.18671875
8 0.640625 0.12890625 0.05703125 0.146875
10 0.58671875 0.20390625 0.06484375 0.159375
13 0.73828125 0.184375 0.06640625 0.14765625
9 0.76953125 0.2296875 0.08671875 0.225
12 0.75859375 0.43984375 0.09375 0.209375