3 0.30078125 0.46328125 0.06171875 0.0375
3 0.35703125 0.42578125 0.06015625 0.0390625
3 0.415625 0.39140625 0.06328125 0.03828125
3 0.47109375 0.35625 0.06328125 0.04296875
3 0.51796875 0.3171875 0.06015625 0.04453125
3 0.56796875 0.28671875 0.0640625 0.0421875
3 0.61328125 0.253125 0.0671875 0.0390625
3 0.65390625 0.221875 0.0609375 0.0375
5 0.628125 0.1671875 0.075 0.05234375
5 0.2640625 0.4171875 0.0796875 0.04765625
2 0.31640625 0.37734375 0.078125 0.04609375
2 0.58046875 0.2 0.08125 0.05
0 0.5265625 0.21875 0.07734375 0.0390625
0 0.36484375 0.34140625 0.07734375 0.04609375
4 0.434375 0.2953125 0.096875 0.06171875
1 0.50078125 0.25625 0.0921875 0.05546875
7 0.53359375 0.44453125 0.7265625 0.6265625