7 0.58515625 0.48671875 0.575 0.796875
5 0.4015625 0.14609375 0.053125 0.08671875
2 0.45546875 0.15390625 0.0421875 0.0859375
0 0.51015625 0.16640625 0.04453125 0.08203125
4 0.57421875 0.165625 0.0421875 0.0984375
1 0.63984375 0.1796875 0.04765625 0.09453125
0 0.69609375 0.19453125 0.04921875 0.08046875
2 0.75546875 0.21171875 0.053125 0.07578125
3 0.39140625 0.22109375 0.0390625 0.06328125
3 0.4453125 0.2328125 0.0359375 0.0609375
3 0.5015625 0.25078125 0.03984375 0.0625
3 0.56015625 0.2640625 0.0375 0.05859375
3 0.61953125 0.271875 0.03984375 0.05859375
3 0.68125 0.290625 0.040625 0.0625
3 0.7453125 0.30546875 0.04609375 0.0609375
3 0.80546875 0.315625 0.0453125 0.05859375
5 0.83125 0.2265625 0.06875 0.0796875
11 0.340625 0.62421875 0.03828125 0.053125
11 0.3921875 0.628125 0.03828125 0.0578125
11 0.45078125 0.63671875 0.0375 0.05703125
11 0.51796875 0.65625 0.03984375 0.059375
11 0.57421875 0.66640625 0.04140625 0.0609375
11 0.6328125 0.6875 0.04140625 0.0578125
11 0.696875 0.69453125 0.03984375 0.059375
11 0.7625 0.7296875 0.0453125 0.06328125
13 0.7453125 0.80859375 0.05078125 0.08203125
13 0.35234375 0.69765625 0.04765625 0.071875
10 0.39765625 0.7234375 0.04453125 0.078125
10 0.69296875 0.7953125 0.05703125 0.07578125
8 0.6375 0.7734375 0.046875 0.07265625
8 0.44375 0.7328125 0.0453125 0.0703125
9 0.50390625 0.746875 0.0515625 0.0921875
12 0.5640625 0.759375 0.0515625 0.0953125