7 0.5140625 0.4171875 0.86484375 0.6953125
13 0.26171875 0.11875 0.06015625 0.13359375
11 0.32265625 0.10703125 0.04453125 0.09765625
11 0.38515625 0.15859375 0.04765625 0.1015625
11 0.4484375 0.21640625 0.04765625 0.10546875
11 0.3828125 0.2859375 0.05234375 0.11171875
11 0.30546875 0.35546875 0.05546875 0.10859375
11 0.44296875 0.4453125 0.06015625 0.1140625
11 0.353125 0.540625 0.06484375 0.11796875
11 0.246875 0.66171875 0.07734375 0.12421875
10 0.39765625 0.084375 0.05234375 0.13046875
10 0.35625 0.43203125 0.06953125 0.1296875
12 0.21171875 0.32265625 0.090625 0.184375
9 0.21953125 0.2328125 0.08984375 0.19296875
8 0.309375 0.2734375 0.06015625 0.1421875
8 0.265625 0.52890625 0.078125 0.15625
13 0.16484375 0.5390625 0.10234375 0.1625
3 0.51796875 0.2171875 0.0484375 0.1078125
3 0.65703125 0.11484375 0.04453125 0.09921875
3 0.5921875 0.16328125 0.04296875 0.09765625
3 0.68125 0.27734375 0.05078125 0.10703125
3 0.61640625 0.3453125 0.05390625 0.0984375
3 0.7109375 0.43359375 0.0640625 0.11875
3 0.56796875 0.51953125 0.06484375 0.1171875
3 0.75078125 0.640625 0.078125 0.1203125
2 0.609375 0.2140625 0.0609375 0.1390625
2 0.625 0.41796875 0.07265625 0.14140625
5 0.71484375 0.1046875 0.065625 0.12421875
5 0.86015625 0.64375 0.11171875 0.15859375
0 0.8125 0.43125 0.08828125 0.1453125
0 0.74375 0.20703125 0.065625 0.134375
4 0.77265625 0.253125 0.0890625 0.165625
1 0.79296875 0.3171875 0.10234375 0.1984375