3 0.4890625 0.1265625 0.0359375 0.07890625
5 0.5328125 0.109375 0.04453125 0.0953125
3 0.509375 0.16953125 0.03515625 0.07890625
3 0.52890625 0.221875 0.040625 0.08515625
3 0.55390625 0.27265625 0.03828125 0.08203125
3 0.5875 0.33046875 0.040625 0.08203125
3 0.6125 0.3953125 0.04296875 0.07890625
3 0.64609375 0.4671875 0.05 0.084375
3 0.68125 0.5328125 0.05234375 0.078125
2 0.55546875 0.15 0.0421875 0.1046875
2 0.703125 0.43125 0.0640625 0.0984375
5 0.74609375 0.509375 0.07578125 0.103125
0 0.57890625 0.19375 0.04453125 0.10078125
0 0.678125 0.36484375 0.05859375 0.09921875
4 0.61484375 0.240625 0.06015625 0.13125
1 0.64609375 0.28828125 0.06875 0.1375
11 0.20234375 0.19609375 0.0484375 0.084375
11 0.225 0.24453125 0.0484375 0.08671875
11 0.24609375 0.3015625 0.04296875 0.084375
11 0.26796875 0.38046875 0.046875 0.084375
11 0.290625 0.446875 0.04921875 0.08359375
11 0.3046875 0.5234375 0.05078125 0.08671875
11 0.33828125 0.609375 0.05 0.0828125
11 0.35 0.71953125 0.05390625 0.0859375
13 0.26640625 0.725 0.06875 0.115625
10 0.24765625 0.65078125 0.07109375 0.0984375
8 0.23515625 0.56796875 0.0609375 0.1
12 0.2109375 0.45 0.06796875 0.1359375
9 0.1875 0.3703125 0.0828125 0.14921875
8 0.15390625 0.31328125 0.03828125 0.09375
10 0.1546875 0.26015625 0.0640625 0.09453125
13 0.1515625 0.2109375 0.059375 0.084375
7 0.44296875 0.48203125 0.7109375 0.76015625