7 0.43828125 0.44921875 0.65390625 0.83203125
8 0.35625 0.2125 0.046875 0.1015625
10 0.49609375 0.12109375 0.05 0.10234375
11 0.42265625 0.16875 0.040625 0.078125
11 0.490625 0.4265625 0.04140625 0.06953125
13 0.36484375 0.36484375 0.04921875 0.09453125
11 0.3921875 0.478125 0.04140625 0.0765625
11 0.36640625 0.6578125 0.04765625 0.06484375
3 0.55703125 0.7234375 0.04765625 0.0640625
3 0.465625 0.578125 0.04609375 0.07109375
3 0.51875 0.27890625 0.04609375 0.07890625
3 0.6703125 0.2 0.0484375 0.0765625
5 0.72265625 0.2140625 0.06328125 0.09453125
0 0.69453125 0.36875 0.05859375 0.0859375
2 0.625 0.384375 0.06015625 0.0984375
5 0.62734375 0.76796875 0.06484375 0.08125