3 0.58046875 0.10078125 0.04609375 0.10234375
3 0.46328125 0.26875 0.05703125 0.115625
3 0.296875 0.2671875 0.0578125 0.11328125
3 0.515625 0.35703125 0.05859375 0.11328125
3 0.2953125 0.56875 0.071875 0.12265625
11 0.37734375 0.603125 0.0703125 0.14140625
11 0.61328125 0.3203125 0.06015625 0.11953125
11 0.69921875 0.14453125 0.05 0.1125
8 0.39609375 0.375 0.07421875 0.16171875
8 0.5453125 0.27734375 0.053125 0.14765625
0 0.4796875 0.1140625 0.0453125 0.1390625
2 0.4390625 0.1671875 0.05859375 0.12890625
10 0.53515625 0.1375 0.0640625 0.1421875
0 0.1953125 0.3828125 0.0796875 0.134375
5 0.20703125 0.4921875 0.09765625 0.159375
13 0.65625 0.50390625 0.08515625 0.18046875
7 0.46640625 0.475 0.9265625 0.88359375