7 0.48046875 0.5015625 0.93359375 0.74296875
11 0.21171875 0.3 0.06171875 0.11484375
11 0.375 0.28671875 0.053125 0.115625
11 0.44765625 0.3828125 0.0546875 0.1171875
11 0.684375 0.2453125 0.05 0.1078125
10 0.78203125 0.30390625 0.078125 0.1484375
8 0.59921875 0.18203125 0.05234375 0.1375
13 0.4625 0.2265625 0.05703125 0.140625
3 0.29296875 0.38671875 0.05546875 0.115625
3 0.62109375 0.38203125 0.0546875 0.11796875
3 0.84296875 0.5953125 0.0828125 0.11953125
3 0.1453125 0.53984375 0.078125 0.115625
2 0.54140625 0.53359375 0.07421875 0.184375
0 0.6078125 0.675 0.0734375 0.16640625
5 0.86796875 0.68359375 0.11875 0.17421875
5 0.08359375 0.64140625 0.11796875 0.1703125