7 0.52890625 0.61328125 0.59765625 0.76640625
13 0.58671875 0.2734375 0.04140625 0.0765625
13 0.2796875 0.41953125 0.04453125 0.0765625
10 0.32109375 0.4 0.03984375 0.0734375
10 0.55 0.2828125 0.0375 0.0734375
8 0.3640625 0.3828125 0.03984375 0.07265625
8 0.5140625 0.29921875 0.03671875 0.07734375
12 0.425 0.346875 0.03828125 0.09140625
9 0.47265625 0.31953125 0.040625 0.10078125
11 0.2875 0.49375 0.03671875 0.059375
11 0.346875 0.47734375 0.03359375 0.0546875
11 0.39765625 0.44296875 0.034375 0.05703125
11 0.4453125 0.42421875 0.0328125 0.06171875
11 0.48828125 0.396875 0.03359375 0.0578125
11 0.5421875 0.36953125 0.0328125 0.0578125
11 0.58515625 0.34296875 0.03359375 0.05703125
11 0.6203125 0.31484375 0.034375 0.0578125
3 0.4046875 0.84140625 0.03828125 0.05703125
3 0.45546875 0.80703125 0.03984375 0.05703125
3 0.51171875 0.77109375 0.0375 0.04921875
3 0.56484375 0.746875 0.04140625 0.04921875
3 0.61328125 0.7078125 0.03828125 0.0484375
3 0.6625 0.6796875 0.04296875 0.04375
3 0.7125 0.65703125 0.0453125 0.0453125
3 0.75625 0.63125 0.04453125 0.046875
5 0.4203125 0.92421875 0.04453125 0.0671875
5 0.4828125 0.88359375 0.04921875 0.06796875
5 0.77890625 0.68359375 0.0609375 0.0578125
2 0.73984375 0.7140625 0.05390625 0.06640625
0 0.6921875 0.74765625 0.0546875 0.0546875
0 0.5375 0.86328125 0.04609375 0.0671875
1 0.59453125 0.8140625 0.06484375 0.06484375
4 0.6484375 0.78359375 0.0578125 0.0546875