7 0.55703125 0.46484375 0.6828125 0.77890625
11 0.55859375 0.12265625 0.0328125 0.07265625
11 0.54453125 0.1921875 0.0296875 0.0703125
11 0.52890625 0.2625 0.0359375 0.07421875
11 0.64140625 0.26640625 0.0359375 0.07265625
11 0.62890625 0.34140625 0.0375 0.07109375
11 0.625 0.43046875 0.03828125 0.07109375
11 0.7078125 0.46171875 0.04453125 0.07421875
8 0.59140625 0.15703125 0.02890625 0.090625
8 0.67421875 0.30234375 0.04140625 0.09375
10 0.575 0.221875 0.0375 0.10390625
10 0.62890625 0.1328125 0.04453125 0.09375
12 0.69609375 0.215625 0.05 0.1046875
9 0.734375 0.26171875 0.06640625 0.13203125
13 0.828125 0.4203125 0.06796875 0.09453125
11 0.803125 0.48515625 0.04609375 0.071875
10 0.753125 0.534375 0.059375 0.08671875
5 0.4625 0.734375 0.0546875 0.0953125
3 0.51640625 0.709375 0.04453125 0.06953125
3 0.546875 0.5765625 0.046875 0.07265625
3 0.5765625 0.47109375 0.0421875 0.0703125
3 0.428125 0.4890625 0.03984375 0.07265625
3 0.45234375 0.39296875 0.03828125 0.0703125
3 0.37421875 0.36640625 0.04140625 0.075
3 0.43984375 0.259375 0.03359375 0.06171875
3 0.325 0.26015625 0.0390625 0.07109375
5 0.2671875 0.271875 0.0546875 0.09375
0 0.396875 0.58828125 0.0484375 0.08671875
0 0.29921875 0.3921875 0.03359375 0.090625
1 0.3328125 0.42265625 0.05234375 0.10078125
4 0.3625 0.50078125 0.05859375 0.09609375
2 0.50546875 0.49609375 0.05078125 0.09609375