7 0.47890625 0.53359375 0.4921875 0.63984375
11 0.27265625 0.334375 0.040625 0.059375
11 0.334375 0.35234375 0.03515625 0.05234375
11 0.39140625 0.34296875 0.0390625 0.059375
11 0.4453125 0.34453125 0.0390625 0.05390625
11 0.49765625 0.3390625 0.0390625 0.053125
11 0.56171875 0.33828125 0.03828125 0.0609375
11 0.615625 0.32734375 0.0375 0.05703125
11 0.6640625 0.31640625 0.0375 0.0515625
13 0.28046875 0.25859375 0.046875 0.07578125
13 0.6421875 0.253125 0.04765625 0.07109375
10 0.328125 0.259375 0.046875 0.06796875
10 0.596875 0.24921875 0.04140625 0.07109375
8 0.37578125 0.26328125 0.040625 0.065625
8 0.5546875 0.25 0.0390625 0.071875
12 0.4453125 0.259375 0.040625 0.0890625
9 0.49921875 0.25078125 0.04296875 0.09375
3 0.2875 0.71796875 0.0390625 0.0515625
3 0.34140625 0.7140625 0.0359375 0.05546875
3 0.40234375 0.7109375 0.0359375 0.0515625
3 0.459375 0.715625 0.03828125 0.0484375
3 0.51796875 0.70703125 0.03671875 0.0546875
3 0.5734375 0.70234375 0.04140625 0.059375
3 0.62890625 0.70703125 0.04140625 0.0515625
3 0.684375 0.70625 0.0421875 0.05390625
5 0.2765625 0.80234375 0.0546875 0.0734375
5 0.68515625 0.77265625 0.05390625 0.0703125
2 0.34765625 0.7984375 0.04296875 0.07265625
2 0.63203125 0.784375 0.046875 0.0734375
0 0.40078125 0.8015625 0.04140625 0.06796875
0 0.57890625 0.784375 0.04375 0.065625
1 0.4578125 0.79609375 0.04140625 0.0859375
4 0.51875 0.7953125 0.0484375 0.08203125