7 0.5453125 0.52578125 0.90390625 0.9484375
11 0.16328125 0.34609375 0.06328125 0.1078125
11 0.278125 0.36953125 0.05234375 0.1046875
11 0.3796875 0.39140625 0.05 0.1015625
11 0.3859375 0.23828125 0.04375 0.1
11 0.4765625 0.2578125 0.04453125 0.09765625
11 0.57421875 0.26640625 0.04375 0.09765625
11 0.5984375 0.10234375 0.0390625 0.09609375
11 0.59140625 0.18203125 0.0421875 0.09453125
13 0.196875 0.234375 0.06328125 0.1296875
13 0.546875 0.06640625 0.04765625 0.1234375
9 0.40625 0.1046875 0.05078125 0.1828125
12 0.34921875 0.14765625 0.0546875 0.165625
8 0.24140625 0.28984375 0.0640625 0.13203125
8 0.4375 0.190625 0.05 0.12890625
10 0.33515625 0.315625 0.05859375 0.12578125
10 0.65859375 0.140625 0.065625 0.128125
3 0.384375 0.5421875 0.05625 0.1015625
3 0.55859375 0.5046875 0.05234375 0.1015625
3 0.625 0.32734375 0.04765625 0.09765625
3 0.73671875 0.365625 0.05625 0.0984375
3 0.68046875 0.534375 0.06015625 0.10078125
3 0.53828125 0.65234375 0.059375 0.10234375
3 0.86328125 0.40234375 0.07578125 0.09921875
3 0.375 0.79296875 0.06328125 0.1015625
2 0.4859375 0.534375 0.0671875 0.15078125
2 0.678125 0.40234375 0.06484375 0.1515625
5 0.92265625 0.45859375 0.10078125 0.13203125
5 0.4125 0.9171875 0.07578125 0.1359375
0 0.60234375 0.7765625 0.0796875 0.12421875
0 0.81875 0.5625 0.0609375 0.1296875
4 0.765625 0.6140625 0.0890625 0.16015625
1 0.68125 0.665625 0.10625 0.16484375