7 0.49765625 0.4546875 0.74140625 0.6421875
5 0.528125 0.18515625 0.09453125 0.059375
5 0.225 0.52890625 0.084375 0.05546875
2 0.4875 0.2359375 0.09609375 0.0484375
0 0.4359375 0.2703125 0.08359375 0.04375
1 0.415625 0.31875 0.10546875 0.05859375
4 0.3625 0.3703125 0.10078125 0.05390625
0 0.303125 0.42890625 0.084375 0.046875
2 0.265625 0.47890625 0.08984375 0.04609375
3 0.56953125 0.2375 0.06953125 0.04296875
3 0.53203125 0.27890625 0.075 0.03984375
3 0.496875 0.32421875 0.06875 0.03828125
3 0.453125 0.36640625 0.06875 0.03984375
3 0.41796875 0.41640625 0.065625 0.03984375
3 0.3703125 0.465625 0.0734375 0.04140625
3 0.31953125 0.51015625 0.0671875 0.03984375
3 0.2765625 0.5625 0.06640625 0.04296875
11 0.79453125 0.4046875 0.07265625 0.03359375
11 0.759375 0.43984375 0.06640625 0.03203125
11 0.734375 0.484375 0.06640625 0.0328125
11 0.703125 0.52265625 0.06953125 0.03359375
11 0.6765625 0.5625 0.06796875 0.0328125
11 0.6390625 0.6140625 0.06953125 0.034375
11 0.609375 0.66328125 0.07109375 0.03828125
11 0.584375 0.70859375 0.0734375 0.03828125
13 0.83359375 0.4390625 0.084375 0.0328125
10 0.81484375 0.46875 0.08515625 0.0375
8 0.790625 0.50234375 0.0859375 0.0359375
12 0.76328125 0.5515625 0.10703125 0.0375
9 0.74296875 0.596875 0.11640625 0.046875
8 0.7015625 0.64375 0.0859375 0.04453125
10 0.6734375 0.678125 0.07890625 0.04765625
13 0.64765625 0.709375 0.08671875 0.05078125