7 0.49296875 0.5015625 0.9859375 0.89375
11 0.078125 0.36875 0.075 0.10546875
11 0.45234375 0.2703125 0.05390625 0.09375
11 0.553125 0.09765625 0.0484375 0.0859375
11 0.28359375 0.20390625 0.0578125 0.08671875
8 0.1359375 0.26171875 0.0828125 0.12421875
8 0.60234375 0.1328125 0.0609375 0.11328125
13 0.16796875 0.178125 0.075 0.11328125
13 0.73828125 0.05703125 0.059375 0.10078125
11 0.86328125 0.06171875 0.05234375 0.0765625
11 0.89921875 0.08828125 0.0546875 0.0765625
11 0.94765625 0.09765625 0.0546875 0.07421875
9 0.2390625 0.12734375 0.0796875 0.1546875
12 0.421875 0.1140625 0.0578125 0.13984375
3 0.43203125 0.3625 0.06484375 0.0875
3 0.565625 0.2984375 0.05859375 0.0984375
3 0.69140625 0.21796875 0.06484375 0.08984375
3 0.6203125 0.446875 0.0703125 0.09296875
2 0.62421875 0.32578125 0.0671875 0.13046875
2 0.18359375 0.5671875 0.103125 0.13984375
0 0.35703125 0.609375 0.084375 0.13125
3 0.24921875 0.67734375 0.07734375 0.09765625
4 0.59765625 0.55859375 0.09921875 0.16015625
1 0.703125 0.50625 0.10390625 0.16015625
0 0.7765625 0.46640625 0.071875 0.11640625
5 0.8921875 0.375 0.10234375 0.12265625