7 0.44140625 0.5546875 0.5796875 0.81328125
13 0.31640625 0.20859375 0.05625 0.0953125
13 0.67109375 0.2609375 0.06171875 0.0921875
9 0.51171875 0.228125 0.05 0.11875
12 0.4515625 0.22890625 0.04765625 0.1125
11 0.2515625 0.2859375 0.046875 0.06953125
11 0.31171875 0.3734375 0.04375 0.0625
11 0.44296875 0.32578125 0.040625 0.0671875
11 0.36484375 0.459375 0.0421875 0.05703125
11 0.49609375 0.40703125 0.040625 0.06328125
11 0.55859375 0.48359375 0.04296875 0.059375
11 0.62578125 0.415625 0.04375 0.0625
11 0.6921875 0.3375 0.04765625 0.0640625
8 0.31796875 0.29296875 0.05390625 0.08203125
8 0.49765625 0.3265625 0.04609375 0.0796875
10 0.7 0.43046875 0.06171875 0.08359375
10 0.365625 0.375 0.0640625 0.07421875
3 0.30546875 0.57578125 0.04765625 0.059375
3 0.559375 0.57109375 0.04375 0.06015625
3 0.61015625 0.67578125 0.0453125 0.0640625
3 0.67890625 0.78671875 0.05 0.075
3 0.48515625 0.75 0.04453125 0.05703125
3 0.425 0.65703125 0.04375 0.05703125
3 0.35078125 0.734375 0.04375 0.059375
3 0.2171875 0.7234375 0.05390625 0.06328125
5 0.190625 0.81328125 0.0734375 0.09296875
5 0.6734375 0.86640625 0.06640625 0.08671875
2 0.36171875 0.6390625 0.0515625 0.08515625
2 0.53984375 0.6734375 0.05 0.08359375
0 0.3359375 0.83984375 0.0546875 0.08359375
0 0.540625 0.85234375 0.05390625 0.08515625
4 0.47734375 0.8578125 0.0578125 0.0953125
1 0.403125 0.84609375 0.05859375 0.10859375