7 0.49296875 0.48203125 0.98203125 0.88984375
6 0.86640625 0.5453125 0.1203125 0.13046875
3 0.859375 0.42265625 0.0875 0.11328125
3 0.534375 0.32265625 0.07109375 0.1203125
3 0.4390625 0.453125 0.07734375 0.11484375
3 0.11328125 0.4359375 0.08984375 0.10546875
3 0.5265625 0.68359375 0.0796875 0.09765625
11 0.15546875 0.2546875 0.084375 0.1140625
11 0.4453125 0.23828125 0.0640625 0.10234375
11 0.8328125 0.3203125 0.07890625 0.11015625
8 0.4453125 0.328125 0.0734375 0.1421875
8 0.62734375 0.42890625 0.08359375 0.14375
10 0.22421875 0.43203125 0.09453125 0.1265625
2 0.32109375 0.53984375 0.0890625 0.14609375
0 0.19375 0.55390625 0.103125 0.11875
0 0.765625 0.66640625 0.0890625 0.12421875