7 0.4765625 0.5125 0.946875 0.9078125
13 0.20390625 0.2609375 0.0921875 0.1625
11 0.4046875 0.1109375 0.053125 0.121875
11 0.31328125 0.45 0.07578125 0.11796875
11 0.2984375 0.81640625 0.07890625 0.11015625
3 0.5078125 0.81953125 0.078125 0.125
3 0.51796875 0.44765625 0.06875 0.121875
3 0.39453125 0.33984375 0.053125 0.075
3 0.48125 0.1 0.053125 0.103125
3 0.6890625 0.35546875 0.06640625 0.115625
8 0.40859375 0.4359375 0.07421875 0.13984375
8 0.49375 0.2625 0.0703125 0.1546875
10 0.51796875 0.6703125 0.09921875 0.14921875
0 0.62265625 0.68359375 0.09453125 0.1265625
0 0.66328125 0.16171875 0.07421875 0.1484375
5 0.57734375 0.09453125 0.078125 0.15078125
2 0.61328125 0.5484375 0.090625 0.146875