7 0.521875 0.44921875 0.7359375 0.5484375
13 0.21953125 0.5140625 0.07734375 0.1390625
13 0.3046875 0.19140625 0.04921875 0.10703125
11 0.35546875 0.1859375 0.0375 0.08203125
11 0.4109375 0.2265625 0.0359375 0.0859375
11 0.4625 0.2703125 0.03984375 0.0875
11 0.40625 0.32265625 0.0421875 0.09140625
11 0.45859375 0.446875 0.046875 0.1
11 0.33984375 0.375 0.04296875 0.0890625
11 0.38125 0.51796875 0.05078125 0.10078125
11 0.28828125 0.6109375 0.05625 0.11171875
10 0.4203125 0.16640625 0.04140625 0.1078125
10 0.384375 0.43828125 0.05625 0.121875
8 0.30703125 0.50625 0.059375 0.134375
8 0.34609375 0.3125 0.04921875 0.11875
3 0.64453125 0.19296875 0.0328125 0.07890625
3 0.58515625 0.23359375 0.02734375 0.08125
3 0.52421875 0.2734375 0.03671875 0.090625
3 0.66484375 0.31875 0.040625 0.0859375
3 0.60859375 0.359375 0.03671875 0.059375
3 0.6890625 0.43984375 0.04609375 0.08828125
3 0.5671875 0.50390625 0.04765625 0.10234375
3 0.72109375 0.5953125 0.0546875 0.103125
5 0.81484375 0.60078125 0.0890625 0.1359375
0 0.775 0.434375 0.065625 0.12265625
1 0.75625 0.3453125 0.078125 0.1671875
4 0.75 0.28984375 0.053125 0.13984375
0 0.71875 0.26171875 0.04375 0.11015625
5 0.6921875 0.184375 0.053125 0.09765625
2 0.6 0.26640625 0.0484375 0.11015625
2 0.61484375 0.425 0.05625 0.125
12 0.2625 0.3453125 0.06796875 0.159375
9 0.26953125 0.278125 0.0671875 0.1703125