7 0.58984375 0.5953125 0.55 0.71328125
13 0.384375 0.284375 0.0453125 0.08125
13 0.765625 0.2875 0.05390625 0.08359375
10 0.4296875 0.2859375 0.046875 0.07578125
10 0.715625 0.2796875 0.04609375 0.078125
8 0.47890625 0.2890625 0.04453125 0.07421875
8 0.66796875 0.2796875 0.0515625 0.07890625
12 0.55078125 0.2875 0.04453125 0.096875
9 0.6109375 0.27890625 0.05390625 0.1078125
11 0.3703125 0.36171875 0.04140625 0.05859375
11 0.4328125 0.37890625 0.03984375 0.06015625
11 0.49296875 0.3703125 0.0390625 0.0625
11 0.5484375 0.3765625 0.04140625 0.05859375
11 0.60390625 0.37421875 0.040625 0.0640625
11 0.6734375 0.37578125 0.040625 0.0640625
11 0.734375 0.36953125 0.0453125 0.0609375
11 0.7875 0.35703125 0.0484375 0.0625
3 0.3703125 0.76640625 0.04453125 0.0640625
3 0.42734375 0.76328125 0.0421875 0.059375
3 0.49453125 0.76796875 0.03984375 0.06171875
3 0.5546875 0.7765625 0.04296875 0.06171875
3 0.61953125 0.76796875 0.0421875 0.05703125
3 0.68203125 0.7734375 0.046875 0.06171875
3 0.74609375 0.78046875 0.04609375 0.059375
3 0.8078125 0.784375 0.06015625 0.06015625
5 0.35703125 0.85 0.0625 0.075
5 0.81171875 0.86171875 0.0703125 0.08359375
2 0.43125 0.85546875 0.04921875 0.07734375
2 0.74921875 0.86796875 0.06015625 0.08046875
0 0.490625 0.8640625 0.053125 0.07734375
0 0.6875 0.8625 0.05546875 0.078125
1 0.55390625 0.86328125 0.05625 0.09296875
4 0.62109375 0.8703125 0.0640625 0.1015625