7 0.5234375 0.51953125 0.88046875 0.878125
3 0.47109375 0.1265625 0.0375 0.0953125
3 0.509375 0.1515625 0.04140625 0.0953125
3 0.559375 0.18046875 0.04453125 0.096875
3 0.6 0.2125 0.040625 0.10546875
3 0.64921875 0.25078125 0.04609375 0.1078125
3 0.70703125 0.2828125 0.0453125 0.109375
3 0.76796875 0.32578125 0.046875 0.11875
3 0.82734375 0.36796875 0.053125 0.11640625
5 0.51171875 0.08359375 0.03984375 0.10859375
2 0.55 0.0984375 0.04140625 0.11015625
2 0.8125 0.26171875 0.05546875 0.13203125
0 0.59609375 0.12890625 0.04453125 0.12265625
0 0.75078125 0.22734375 0.05546875 0.1390625
1 0.64453125 0.13515625 0.04609375 0.17890625
1 0.6921875 0.17421875 0.05 0.16171875
5 0.87890625 0.30390625 0.06015625 0.1546875
11 0.2015625 0.33046875 0.059375 0.10859375
11 0.24765625 0.37890625 0.04921875 0.10546875
11 0.27734375 0.42734375 0.05703125 0.1109375
11 0.33359375 0.47265625 0.06015625 0.11640625
11 0.38515625 0.53671875 0.05625 0.12421875
11 0.4390625 0.59296875 0.05703125 0.13125
11 0.503125 0.6609375 0.06171875 0.13203125
11 0.565625 0.74453125 0.06328125 0.13828125
13 0.49609375 0.8359375 0.08671875 0.196875
13 0.1140625 0.3921875 0.053125 0.15703125
10 0.165625 0.42109375 0.07421875 0.15234375
10 0.42421875 0.7390625 0.084375 0.19375
8 0.1984375 0.48203125 0.05390625 0.14921875
8 0.36953125 0.68125 0.05859375 0.18125
12 0.23671875 0.52421875 0.06796875 0.190625
9 0.30234375 0.5765625 0.09453125 0.21953125