7 0.5515625 0.49140625 0.8859375 0.9703125
11 0.25859375 0.45234375 0.06328125 0.1125
11 0.3984375 0.3359375 0.05234375 0.10234375
11 0.521875 0.37890625 0.053125 0.10390625
11 0.6109375 0.13671875 0.04375 0.10234375
13 0.4390625 0.2265625 0.05625 0.134375
8 0.52265625 0.11640625 0.05234375 0.13671875
10 0.71484375 0.14296875 0.06796875 0.13046875
3 0.6453125 0.2890625 0.0578125 0.11171875
3 0.40078125 0.4796875 0.05546875 0.103125
3 0.3859375 0.71171875 0.06640625 0.10390625
5 0.41796875 0.83125 0.078125 0.13828125
5 0.9375 0.40234375 0.08515625 0.134375
3 0.875 0.3546875 0.0734375 0.109375
2 0.6890625 0.45625 0.0765625 0.1578125
0 0.79140625 0.51953125 0.0921875 0.13359375