7 0.5203125 0.43359375 0.7015625 0.86015625
5 0.21015625 0.24140625 0.06484375 0.09921875
5 0.38828125 0.7421875 0.065625 0.08515625
3 0.4484375 0.715625 0.04765625 0.0640625
3 0.51640625 0.46171875 0.04375 0.0703125
3 0.38984375 0.225 0.0421875 0.07734375
3 0.27109375 0.22421875 0.04375 0.075
2 0.3703125 0.4671875 0.05703125 0.0953125
0 0.321875 0.56171875 0.06015625 0.08203125
11 0.41640625 0.12265625 0.03984375 0.0796875
11 0.484375 0.2203125 0.03984375 0.0796875
11 0.44609375 0.33046875 0.0421875 0.07265625
11 0.6640625 0.44921875 0.046875 0.075
13 0.56015625 0.25 0.04765625 0.11328125
8 0.6671875 0.33671875 0.05234375 0.10078125
10 0.646875 0.56796875 0.0578125 0.0875