7 0.63046875 0.396875 0.7234375 0.696875
11 0.65703125 0.06875 0.03359375 0.084375
11 0.66953125 0.1140625 0.0375 0.0859375
11 0.69921875 0.159375 0.040625 0.09140625
11 0.72109375 0.20625 0.04296875 0.09140625
11 0.75234375 0.2546875 0.0484375 0.0921875
11 0.78828125 0.32578125 0.05 0.09609375
13 0.7140625 0.0546875 0.046875 0.10625
13 0.92734375 0.38671875 0.0875 0.1234375
11 0.8328125 0.39296875 0.05859375 0.096875
11 0.878125 0.45703125 0.0640625 0.11015625
10 0.73671875 0.08125 0.0484375 0.1171875
8 0.75390625 0.11796875 0.04921875 0.11953125
12 0.79296875 0.1609375 0.06640625 0.15703125
9 0.83359375 0.2 0.0796875 0.1796875
8 0.8703125 0.2828125 0.06640625 0.13046875
10 0.90390625 0.33671875 0.07578125 0.1234375
3 0.38125 0.15 0.0375 0.0828125
3 0.39375 0.190625 0.0390625 0.0796875
3 0.4046875 0.24609375 0.04140625 0.0859375
3 0.4109375 0.303125 0.0453125 0.0875
3 0.43046875 0.3640625 0.04453125 0.08984375
3 0.44296875 0.43359375 0.04921875 0.08671875
3 0.453125 0.515625 0.0484375 0.0921875
3 0.46953125 0.60390625 0.05390625 0.096875
5 0.39765625 0.609375 0.07578125 0.1359375
2 0.378125 0.5140625 0.0703125 0.103125
0 0.3671875 0.440625 0.05859375 0.0953125
4 0.35 0.35625 0.07109375 0.14609375
1 0.33984375 0.26640625 0.06953125 0.12890625
2 0.3234375 0.17109375 0.04921875 0.059375
5 0.31640625 0.12109375 0.04453125 0.05