7 0.52265625 0.5640625 0.9546875 0.58515625
11 0.41328125 0.52890625 0.078125 0.0703125
11 0.53671875 0.47265625 0.0671875 0.0703125
10 0.48359375 0.40078125 0.08203125 0.08984375
13 0.50546875 0.28046875 0.0703125 0.08125
0 0.6328125 0.3203125 0.0640625 0.08828125
3 0.60234375 0.3734375 0.05625 0.06484375
3 0.41015625 0.675 0.0828125 0.07734375
2 0.7453125 0.4328125 0.0875 0.08984375
13 0.5671875 0.17578125 0.0546875 0.07421875
8 0.6515625 0.1671875 0.04453125 0.07421875
11 0.78046875 0.165625 0.0453125 0.06171875
9 0.6984375 0.1484375 0.0609375 0.10859375