7 0.5203125 0.52421875 0.959375 0.93828125
10 0.421875 0.153125 0.06875 0.1640625
11 0.5609375 0.09296875 0.0484375 0.121875
11 0.60390625 0.2890625 0.05859375 0.13671875
11 0.59453125 0.690625 0.07421875 0.1578125
3 0.496875 0.7203125 0.07734375 0.15234375
3 0.26796875 0.41640625 0.06640625 0.13984375
3 0.43359375 0.3078125 0.05625 0.12265625
3 0.5484375 0.3765625 0.059375 0.13671875
2 0.35078125 0.23203125 0.0671875 0.17265625
0 0.26796875 0.62265625 0.084375 0.2
5 0.37265625 0.709375 0.10234375 0.21953125
8 0.52265625 0.28359375 0.05546875 0.17265625
8 0.4640625 0.459375 0.07265625 0.1890625
13 0.75859375 0.41953125 0.08359375 0.19921875