7 0.490625 0.496875 0.8546875 0.91953125
11 0.15625 0.35859375 0.08125 0.08203125
11 0.45546875 0.35625 0.07421875 0.07890625
11 0.8359375 0.4453125 0.08359375 0.0734375
13 0.64375 0.2140625 0.09765625 0.12265625
10 0.26015625 0.56328125 0.0890625 0.10703125
8 0.46328125 0.45625 0.0828125 0.08984375
8 0.6375 0.546875 0.08828125 0.09609375
3 0.553125 0.4453125 0.07109375 0.0875
3 0.14765625 0.553125 0.08203125 0.07578125
3 0.54609375 0.759375 0.06796875 0.08671875
3 0.46328125 0.56953125 0.07578125 0.0765625
0 0.2484375 0.66796875 0.0859375 0.10078125
0 0.74609375 0.7546875 0.09453125 0.10078125
5 0.83671875 0.65390625 0.103125 0.090625
3 0.8453125 0.534375 0.0796875 0.08203125
2 0.3578125 0.66875 0.08828125 0.09453125